0.100000000000000
0.235449735449735
0.308429118773946
0.353372434017595
0.383449883449883
0.404761904761905
0.420508744038156
0.432523616734143
0.441927990708479
0.449443882709808
0.455555555555556
0.460598896769110
0.464813511611541
0.468374446552815
0.471412235563179
0.474025974025974
0.476292081555239
0.478270317253368
0.480007996801280
0.481543004798819
0.482905982905983
0.484121943474119
0.485211475894706
0.486191659762497
0.487076764021711
0.487878787878788
0.488607883344725
0.489272688264321
0.489880590973487
0.490437942245171
0.490950226244344
0.491422199348087
0.491858003582478
0.492261259866894
0.492635145087642
0.492982456140351
0.493305663408756
0.493606955632272