0.0971317812358475
0.823457828327293
0.694828622975817
0.317099480060861
0.950222048838355
0.0344460805029088
0.438744359656398
0.381558457093008
0.765516788149002
0.795199901137063
0.186872604554379
0.489764395788231
0.445586200710900
0.646313010111265
0.709364830858073
0.754686681982361
0.276025076998578
0.679702676853675
0.655098003973841
0.162611735194631
0.118997681558377
0.498364051982143
0.959743958516081
0.340385726666133
0.585267750979777
0.223811939491137
0.751267059305653
0.255095115459269
0.505957051665142
0.699076722656686
0.890903252535799
0.959291425205444
0.547215529963803
0.138624442828679
0.149294005559057
0.257508254123736
0.840717255983663
0.254282178971531
0.814284826068816
0.243524968724989
0.929263623187228
0.349983765984809
0.196595250431208
0.251083857976031
0.616044676146639
0.473288848902729
0.351659507062997
0.830828627896291
0.585264091152724
0.549723608291140
0.917193663829810
0.285839018820374
0.757200229110721